1 0.11899038461538461 0.6105769230769231 0.07211538461538461 0.0829326923076923
1 0.24519230769230768 0.5600961538461539 0.06009615384615385 0.078125
1 0.3112980769230769 0.53125 0.04807692307692308 0.07451923076923077
1 0.3798076923076923 0.8221153846153846 0.07451923076923077 0.10096153846153846
1 0.4723557692307692 0.4699519230769231 0.06490384615384616 0.08653846153846154
1 0.7680288461538461 0.46033653846153844 0.08052884615384616 0.1045673076923077
1 0.9326923076923077 0.53125 0.039663461538461536 0.07451923076923077
1 0.5288461538461539 0.3894230769230769 0.037259615384615384 0.07451923076923077
1 0.6225961538461539 0.35336538461538464 0.025240384615384616 0.06370192307692307
1 0.5600961538461539 0.2608173076923077 0.03485576923076923 0.056490384615384616
1 0.46153846153846156 0.2283653846153846 0.027644230769230768 0.04447115384615385
1 0.15985576923076922 0.4423076923076923 0.03485576923076923 0.0673076923076923
0 0.2692307692307692 0.36658653846153844 0.037259615384615384 0.04447115384615385
1 0.14783653846153846 0.36177884615384615 0.025240384615384616 0.040865384615384616
1 0.35336538461538464 0.4170673076923077 0.042067307692307696 0.056490384615384616
1 0.3112980769230769 0.25841346153846156 0.02283653846153846 0.04447115384615385
1 0.1502403846153846 0.2512019230769231 0.025240384615384616 0.04447115384615385
1 0.20793269230769232 0.31850961538461536 0.025240384615384616 0.037259615384615384
1 0.09375 0.34134615384615385 0.02283653846153846 0.037259615384615384
1 0.07451923076923077 0.28125 0.020432692307692308 0.030048076923076924
1 0.22235576923076922 0.21394230769230768 0.020432692307692308 0.030048076923076924